a=-1.001397703181551
b=2.0033432993413616
c=9.572591938774227
